0.00 1.13 1.62 1.30 1.17 0.90 1.03 1.02 1.33 1.27 0.83 0.84 0.60 0.83 0.81 1.38 1.35 1.03 0.41 0.42
1.13 0.00 1.17 1.04 1.17 0.75 1.45 1.27 0.97 0.58 1.48 0.63 0.64 1.14 1.06 0.43 0.09 0.98 1.03 0.94
1.62 1.17 0.00 0.62 0.77 1.08 0.87 1.04 0.45 0.60 0.77 1.05 1.21 0.86 1.15 1.16 1.01 0.95 1.62 1.30
1.30 1.04 0.62 0.00 0.67 1.00 0.83 1.09 0.44 1.04 0.80 0.83 0.50 0.74 0.71 1.08 0.88 1.34 1.11 1.15
1.17 1.17 0.77 0.67 0.00 1.66 0.55 0.46 0.57 1.08 0.69 1.04 1.29 0.79 1.41 1.21 1.06 0.70 0.97 0.58
0.90 0.75 1.08 1.00 1.66 0.00 0.85 1.31 1.45 0.76 1.30 0.93 0.65 1.46 0.33 0.40 0.67 1.16 1.09 1.51
1.03 1.45 0.87 0.83 0.55 0.85 0.00 0.47 1.22 1.09 0.95 1.11 1.37 1.08 0.79 0.86 1.22 0.72 1.02 1.20
1.02 1.27 1.04 1.09 0.46 1.31 0.47 0.00 0.81 0.96 1.00 1.03 1.42 1.22 0.85 1.02 0.99 0.24 0.47 0.88
1.33 0.97 0.45 0.44 0.57 1.45 1.22 0.81 0.00 0.99 0.96 0.58 0.85 0.80 1.15 1.30 0.85 1.04 1.09 0.95
1.27 0.58 0.60 1.04 1.08 0.76 1.09 0.96 0.99 0.00 0.78 1.30 0.88 1.09 0.75 0.84 0.46 0.39 0.98 0.90
0.83 1.48 0.77 0.80 0.69 1.30 0.95 1.00 0.96 0.78 0.00 1.69 0.86 0.81 0.94 1.59 1.47 0.84 0.83 0.45
0.84 0.63 1.05 0.83 1.04 0.93 1.11 1.03 0.58 1.30 1.69 0.00 0.73 0.76 1.09 0.93 0.71 1.29 1.04 1.13
0.60 0.64 1.21 0.50 1.29 0.65 1.37 1.42 0.85 0.88 0.86 0.73 0.00 0.81 0.49 1.10 0.73 1.34 0.67 0.75
0.83 1.14 0.86 0.74 0.79 1.46 1.08 1.22 0.80 1.09 0.81 0.76 0.81 0.00 1.33 1.72 1.33 1.16 1.05 0.66
0.81 1.06 1.15 0.71 1.41 0.33 0.79 0.85 1.15 0.75 0.94 1.09 0.49 1.33 0.00 0.79 0.83 0.85 0.51 1.25
1.38 0.43 1.16 1.08 1.21 0.40 0.86 1.02 1.30 0.84 1.59 0.93 1.10 1.72 0.79 0.00 0.30 1.00 1.20 1.53
1.35 0.09 1.01 0.88 1.06 0.67 1.22 0.99 0.85 0.46 1.47 0.71 0.73 1.33 0.83 0.30 0.00 0.77 0.98 1.13
1.03 0.98 0.95 1.34 0.70 1.16 0.72 0.24 1.04 0.39 0.84 1.29 1.34 1.16 0.85 1.00 0.77 0.00 0.52 0.71
0.41 1.03 1.62 1.11 0.97 1.09 1.02 0.47 1.09 0.98 0.83 1.04 0.67 1.05 0.51 1.20 0.98 0.52 0.00 0.49
0.42 0.94 1.30 1.15 0.58 1.51 1.20 0.88 0.95 0.90 0.45 1.13 0.75 0.66 1.25 1.53 1.13 0.71 0.49 0.00